%YAML:1.0
calibration_time: "Tue 18 Mar 2014 08:42:05 PM EET"
nframes: 10
image_width: 640
image_height: 480
board_width: 5
board_height: 3
square_size: 2.4000000208616257e-02
flags: 0
camera_matrix: !!opencv-matrix
   rows: 3
   cols: 3
   dt: d
   data: [ 7.7457199073270897e+02, 0., 1.9903794266461296e+02, 0.,
       7.5730940504195462e+02, 1.7662264969046151e+02, 0., 0., 1. ]
distortion_coefficients: !!opencv-matrix
   rows: 5
   cols: 1
   dt: d
   data: [ -1.6526887395171397e-01, 7.3163762659833709e-01,
       -1.7638558137694597e-02, -3.8494792116943830e-02,
       -1.1322395815503694e+00 ]
avg_reprojection_error: 4.2454087594646739e-01
per_view_reprojection_errors: !!opencv-matrix
   rows: 10
   cols: 1
   dt: f
   data: [ 2.60736704e-01, 5.37903428e-01, 4.27245170e-01,
       4.83667552e-01, 2.20166445e-01, 3.88786733e-01, 5.54283142e-01,
       4.01273012e-01, 4.37191725e-01, 4.11750257e-01 ]
# a set of 6-tuples (rotation vector + translation vector) for each view
extrinsic_parameters: !!opencv-matrix
   rows: 10
   cols: 6
   dt: d
   data: [ -2.1870442791441430e-01, 6.7449680111858679e-01,
       1.3393230694271510e+00, 1.6133855608628882e-02,
       6.1138436262861223e-02, 6.8870603551658949e-01,
       3.9843351283888151e-01, 6.1305110244933836e-01,
       1.2328491847183414e+00, -2.2152628131861193e-02,
       3.7541954397496607e-02, 5.0872525346078257e-01,
       3.8641471190717708e-01, 5.7467730364691560e-01,
       1.2370279431348441e+00, 8.7566976022032506e-02,
       -3.3179325858896228e-02, 4.6328382099116128e-01,
       7.3291784900123863e-02, -3.9638918047979771e-01,
       -1.6613805630818079e+00, 2.8903800933225220e-02,
       1.3912079363865124e-01, 4.6175962472290560e-01,
       -2.5964030220643419e-01, 3.9706509514428273e-01,
       2.9678666211807849e+00, 8.7052069589699299e-02,
       6.8489111481616183e-02, 4.9399445981751511e-01,
       -4.2832329999945412e-01, 6.8931476267648595e-01,
       1.4375524856453858e+00, 4.2044345977865979e-02,
       3.7775956309237878e-02, 4.6604740101557268e-01,
       -8.9538394175498304e-01, -4.3509439200960531e-01,
       -1.5064491280354952e+00, -7.6005342923541599e-03,
       7.9045728551593405e-02, 4.2597031071899411e-01,
       -1.4119605985297201e-01, 8.3359707527530802e-01,
       1.4239960896383492e+00, 1.0144112799923370e-01,
       -1.5325803071357875e-02, 5.2566853096462773e-01,
       5.5436998664738646e-01, 6.6424322901538724e-01,
       1.2903553596775350e+00, 2.1147784320319088e-01,
       1.0039141973222965e-02, 4.8723467799449827e-01,
       5.9396465819029087e-01, 6.6815791468418695e-01,
       1.2936769091589533e+00, 2.1872482883178898e-01,
       1.3627913976970380e-02, 4.6136408744663998e-01 ]
image_points: !!opencv-matrix
   rows: 10
   cols: 15
   dt: "2f"
   data: [ 2.16614380e+02, 2.43428955e+02, 2.18842987e+02,
       2.66340454e+02, 2.21314713e+02, 2.90135956e+02, 2.23542023e+02,
       3.14748932e+02, 2.25534058e+02, 3.39991089e+02, 1.91339859e+02,
       2.49165237e+02, 1.93359711e+02, 2.72446106e+02, 1.95241699e+02,
       2.96266205e+02, 1.96622131e+02, 3.20573273e+02, 1.98111572e+02,
       3.45805237e+02, 1.66447479e+02, 2.54695129e+02, 1.67735031e+02,
       2.77873474e+02, 1.69387054e+02, 3.01932404e+02, 1.70080688e+02,
       3.26139893e+02, 1.71092102e+02, 3.51736969e+02, 1.64880646e+02,
       2.32500488e+02, 1.72479599e+02, 2.66845215e+02, 1.79483810e+02,
       3.01735107e+02, 1.85463776e+02, 3.37381561e+02, 1.92768097e+02,
       3.72654663e+02, 1.39253494e+02, 2.41185516e+02, 1.46353943e+02,
       2.74670868e+02, 1.52386642e+02, 3.08923370e+02, 1.58225067e+02,
       3.43608459e+02, 1.65926743e+02, 3.77909698e+02, 1.13864700e+02,
       2.49454605e+02, 1.21436836e+02, 2.82059753e+02, 1.26596390e+02,
       3.15475616e+02, 1.32653473e+02, 3.49444092e+02, 1.40297089e+02,
       3.82783356e+02, 3.41700531e+02, 1.22624481e+02, 3.51141479e+02,
       1.59523224e+02, 3.61610077e+02, 1.96608185e+02, 3.70124817e+02,
       2.34168701e+02, 3.79074921e+02, 2.72447479e+02, 3.09115387e+02,
       1.35338501e+02, 3.17682312e+02, 1.71369019e+02, 3.27648712e+02,
       2.07462830e+02, 3.36651978e+02, 2.44203156e+02, 3.44551025e+02,
       2.81555908e+02, 2.78017059e+02, 1.47294891e+02, 2.86271118e+02,
       1.82368149e+02, 2.95367340e+02, 2.17675262e+02, 3.04474304e+02,
       2.53478516e+02, 3.11909546e+02, 2.89887390e+02, 2.44167175e+02,
       3.97733887e+02, 2.38722809e+02, 3.59814819e+02, 2.33409653e+02,
       3.22382172e+02, 2.28987091e+02, 2.85210449e+02, 2.24469162e+02,
       2.47918594e+02, 2.79668915e+02, 3.90609009e+02, 2.74036499e+02,
       3.53534149e+02, 2.68728821e+02, 3.16630676e+02, 2.64236938e+02,
       2.80282532e+02, 2.59942200e+02, 2.43676315e+02, 3.13657867e+02,
       3.83509735e+02, 3.07962769e+02, 3.47100128e+02, 3.03111450e+02,
       3.11050079e+02, 2.98538086e+02, 2.75418365e+02, 2.93916687e+02,
       2.39651138e+02, 3.30872589e+02, 2.78332123e+02, 2.96547943e+02,
       2.83806549e+02, 2.61221405e+02, 2.89535065e+02, 2.24816818e+02,
       2.95482666e+02, 1.87707291e+02, 3.01342407e+02, 3.24504761e+02,
       2.43688644e+02, 2.90260742e+02, 2.48873840e+02, 2.55177841e+02,
       2.53907974e+02, 2.18970154e+02, 2.59306183e+02, 1.82207062e+02,
       2.64408386e+02, 3.17902466e+02, 2.09628448e+02, 2.84071838e+02,
       2.14163116e+02, 2.49194153e+02, 2.18666046e+02, 2.13462738e+02,
       2.23331863e+02, 1.76686615e+02, 2.27877762e+02, 2.67396667e+02,
       2.37284332e+02, 2.68960175e+02, 2.68667999e+02, 2.70733154e+02,
       3.02431885e+02, 2.72629211e+02, 3.38425446e+02, 2.74406128e+02,
       3.76190704e+02, 2.28853867e+02, 2.40915070e+02, 2.29393997e+02,
       2.73227417e+02, 2.29604111e+02, 3.07020081e+02, 2.29626312e+02,
       3.42537292e+02, 2.29631683e+02, 3.80505676e+02, 1.90609436e+02,
       2.44631119e+02, 1.89567368e+02, 2.76706421e+02, 1.88655670e+02,
       3.11161743e+02, 1.86862427e+02, 3.46336304e+02, 1.85294205e+02,
       3.85024200e+02, 1.83703537e+02, 3.15389435e+02, 1.87984650e+02,
       2.83129517e+02, 1.92326584e+02, 2.54336563e+02, 1.95087418e+02,
       2.25573135e+02, 1.97755814e+02, 1.99196793e+02, 2.25622070e+02,
       3.09259216e+02, 2.28414841e+02, 2.77615845e+02, 2.30686432e+02,
       2.48498444e+02, 2.32292816e+02, 2.20399033e+02, 2.33433075e+02,
       1.93641830e+02, 2.68576752e+02, 3.03395538e+02, 2.69480896e+02,
       2.72020203e+02, 2.69616180e+02, 2.42050522e+02, 2.69553986e+02,
       2.14045013e+02, 2.69638763e+02, 1.88205093e+02, 3.44460205e+02,
       1.54226120e+02, 3.45493927e+02, 1.81992477e+02, 3.46665314e+02,
       2.11290802e+02, 3.47622437e+02, 2.41899872e+02, 3.48233551e+02,
       2.73455200e+02, 3.11843811e+02, 1.61005859e+02, 3.12526917e+02,
       1.89103180e+02, 3.12628967e+02, 2.18091629e+02, 3.12410034e+02,
       2.47827698e+02, 3.11644043e+02, 2.79269470e+02, 2.80473053e+02,
       1.67527847e+02, 2.80081024e+02, 1.95206146e+02, 2.79647125e+02,
       2.24367630e+02, 2.78126099e+02, 2.53466858e+02, 2.76729980e+02,
       2.85066284e+02, 5.13819763e+02, 1.88976852e+02, 5.19883545e+02,
       2.24008713e+02, 5.26719849e+02, 2.58687958e+02, 5.31694031e+02,
       2.94161804e+02, 5.36852539e+02, 3.29830444e+02, 4.81447235e+02,
       1.95797195e+02, 4.86901245e+02, 2.29863419e+02, 4.93448639e+02,
       2.63553375e+02, 4.98889648e+02, 2.97889221e+02, 5.03449677e+02,
       3.32625092e+02, 4.50751678e+02, 2.02310150e+02, 4.55964996e+02,
       2.35280869e+02, 4.61936218e+02, 2.68231567e+02, 4.67669067e+02,
       3.01343414e+02, 4.71891602e+02, 3.35073761e+02, 5.40729736e+02,
       1.95027283e+02, 5.46775146e+02, 2.31740601e+02, 5.53457764e+02,
       2.68213593e+02, 5.58448120e+02, 3.05256470e+02, 5.63547729e+02,
       3.42882355e+02, 5.06585999e+02, 2.01374344e+02, 5.11867828e+02,
       2.36964493e+02, 5.18148071e+02, 2.72221619e+02, 5.23710083e+02,
       3.08181091e+02, 5.28140747e+02, 3.44501312e+02, 4.74243011e+02,
