%YAML:1.0
calibration_time: "Tue 18 Mar 2014 08:27:37 PM EET"
image_width: 640
image_height: 480
board_width: 5
board_height: 3
square_size: 2.4000000208616257e-02
flags: 0
camera_matrix: !!opencv-matrix
   rows: 3
   cols: 3
   dt: d
   data: [ 3.3266643253977202e+02, 0., 3.1782689136286461e+02, 0.,
       3.0936023235031547e+02, 2.3875743039940809e+02, 0., 0., 1. ]
distortion_coefficients: !!opencv-matrix
   rows: 5
   cols: 1
   dt: d
   data: [ -6.3718590862041041e-02, -3.3657741640634453e-02,
       5.9413680207636354e-03, 2.0081077901322599e-02,
       3.1194939009454793e-02 ]
avg_reprojection_error: 4.1048697096861346e+00
per_view_reprojection_errors: !!opencv-matrix
   rows: 10
   cols: 1
   dt: f
   data: [ 7.19161320e+00, 5.11855364e+00, 5.08999205e+00,
       3.07933450e+00, 4.59954023e+00, 3.57022905e+00, 3.53786230e+00,
       2.81369877e+00, 2.11773366e-01, 8.99898827e-01 ]
# a set of 6-tuples (rotation vector + translation vector) for each view
extrinsic_parameters: !!opencv-matrix
   rows: 10
   cols: 6
   dt: d
   data: [ 6.3596914859818476e-01, 7.0109448031003954e-02,
       -3.1136740302116408e+00, 2.6527764227387646e-01,
       6.5915683705849836e-03, 6.3248907107768915e-01,
       -3.8716674069700097e-01, -1.3338032127102278e-01,
       1.7042719943317743e+00, 2.4385000347254665e-01,
       -3.9268037360871678e-02, 7.6740838183030924e-01,
       1.6873390824085643e-01, -2.2992627213777952e-01,
       1.8372974395751480e+00, 2.6321570460099747e-01,
       -6.0086105775622477e-02, 7.3947107790309752e-01,
       -4.7497973547000955e-01, -9.2427741382794815e-01,
       2.0552101125203883e+00, 1.4594278295077725e-02,
       -8.6645323850275041e-02, 4.7573295803058602e-01,
       2.2987522029392432e-01, 1.6065854560086292e+00,
       -1.0066402411076123e+00, 1.4056138600587156e-01,
       -8.4412166512305931e-02, 4.5887635026606832e-01,
       -6.1999336222611334e-01, -3.9978491792030535e-01,
       1.9903251007747977e+00, 9.9329935125407109e-02,
       -5.8567432313639839e-02, 5.5285389120735517e-01,
       -1.5500257528279626e-01, 7.0106625114124799e-01,
       2.6679360596583268e+00, -4.0842349446106208e-02,
       -3.2250419726334262e-01, 4.9979240665515862e-01,
       -1.9092848386789488e-01, -2.2837931999947685e+00,
       1.8024809866273290e+00, -4.4086151302682654e-02,
       -3.6263196673263332e-01, 5.0655560294090130e-01,
       -1.9266454443021491e-01, -4.1243414570568510e-01,
       2.5785533674465548e+00, -2.2861458451476782e-01,
       -3.3111528188189071e-01, 4.6648599658729967e-01,
       4.4583790699601233e-01, -7.7841637867177216e-01,
       -9.9435195558118417e-01, -6.3380708952443507e-02,
       6.4555252067622082e-02, 3.8282157457582644e-01 ]
image_points: !!opencv-matrix
   rows: 10
   cols: 15
   dt: "2f"
   data: [ 4.56410950e+02, 2.51444763e+02, 4.55538574e+02,
       2.38877640e+02, 4.40449463e+02, 2.44496490e+02, 4.25085388e+02,
       2.39203522e+02, 4.16228271e+02, 2.48793900e+02, 4.55025696e+02,
       2.25699173e+02, 4.54959259e+02, 2.25637085e+02, 4.44769257e+02,
       2.25956528e+02, 4.24652985e+02, 2.25754852e+02, 4.15486908e+02,
       2.39287003e+02, 4.55028931e+02, 2.25365784e+02, 4.44822418e+02,
       2.25808640e+02, 4.43742859e+02, 2.13160187e+02, 4.34378967e+02,
       2.13648621e+02, 4.14897125e+02, 2.26157684e+02, 4.23755310e+02,
       2.20427338e+02, 4.20803162e+02, 2.40270706e+02, 4.20817047e+02,
       2.40338974e+02, 4.19848236e+02, 2.49620178e+02, 4.18776154e+02,
       2.59421448e+02, 4.23683319e+02, 2.20382202e+02, 4.16723633e+02,
       2.34700577e+02, 4.20814758e+02, 2.40322739e+02, 4.19833344e+02,
       2.49603516e+02, 4.18763550e+02, 2.59400940e+02, 4.03703674e+02,
       2.17746796e+02, 4.02591125e+02, 2.27567749e+02, 4.01259369e+02,
       2.37546494e+02, 3.99730988e+02, 2.46805405e+02, 4.02897614e+02,
       2.62313751e+02, 4.38267181e+02, 2.11698257e+02, 4.30011719e+02,
       2.30596298e+02, 4.30338226e+02, 2.30628052e+02, 4.27199890e+02,
       2.39612915e+02, 4.23167297e+02, 2.49226654e+02, 4.29369568e+02,
       2.04467682e+02, 4.20663757e+02, 2.26580017e+02, 4.20827454e+02,
       2.26733078e+02, 4.19877594e+02, 2.42071503e+02, 4.09425476e+02,
       2.53716415e+02, 4.19816833e+02, 2.03695038e+02, 4.10622894e+02,
       2.23071838e+02, 4.06691986e+02, 2.31733536e+02, 4.07417969e+02,
       2.32029236e+02, 4.04307800e+02, 2.41181000e+02, 3.28731445e+02,
       1.82036041e+02, 3.17069977e+02, 1.93849167e+02, 3.07674072e+02,
       2.07180023e+02, 2.95425171e+02, 2.18745560e+02, 2.85910095e+02,
       2.31534988e+02, 3.21678345e+02, 1.75814285e+02, 3.08549255e+02,
       1.86566162e+02, 3.01489990e+02, 2.02303726e+02, 2.87456268e+02,
       2.12506226e+02, 2.85437042e+02, 2.31228714e+02, 3.09789825e+02,
       1.65395706e+02, 2.98719238e+02, 1.78381699e+02, 2.87421173e+02,
       1.90813766e+02, 2.76152618e+02, 2.03574463e+02, 2.65073853e+02,
       2.16464371e+02, 4.27048981e+02, 1.85916763e+02, 4.14856934e+02,
       1.64984283e+02, 4.15051056e+02, 1.63735107e+02, 4.17297119e+02,
       1.52554916e+02, 4.19748993e+02, 1.44427826e+02, 4.30887878e+02,
       1.89061890e+02, 4.32459778e+02, 1.83785782e+02, 4.35659912e+02,
       1.71463135e+02, 4.41841034e+02, 1.64407227e+02, 4.30222900e+02,
       1.49716110e+02, 4.50632294e+02, 2.01331329e+02, 4.51631042e+02,
       1.92050003e+02, 4.52899261e+02, 1.84157333e+02, 4.49299438e+02,
       1.69480743e+02, 4.51027924e+02, 1.58991379e+02, 3.83574738e+02,
       2.07697433e+02, 3.68573364e+02, 2.15418655e+02, 3.61870514e+02,
       2.28747635e+02, 3.61053131e+02, 2.41496841e+02, 3.59738922e+02,
       2.56996704e+02, 3.70745941e+02, 1.98053192e+02, 3.64986664e+02,
       2.10326660e+02, 3.53510010e+02, 2.19608109e+02, 3.57425781e+02,
       2.37358154e+02, 3.47847321e+02, 2.46481979e+02, 3.58865845e+02,
       1.92400391e+02, 3.52483917e+02, 2.04147202e+02, 3.48586151e+02,
       2.15911163e+02, 3.39287811e+02, 2.27741943e+02, 3.36176117e+02,
       2.40095245e+02, 2.99271637e+02, 5.10815697e+01, 2.78517426e+02,
       5.10771523e+01, 2.61424530e+02, 5.03342705e+01, 2.52604263e+02,
       5.80600815e+01, 2.33800659e+02, 5.80192184e+01, 2.89959320e+02,
       4.29820862e+01, 2.72505981e+02, 4.75254631e+01, 2.63410522e+02,
       4.99286766e+01, 2.46265869e+02, 5.48855934e+01, 2.36336212e+02,
       5.73904305e+01, 2.83856720e+02, 3.28497353e+01, 2.73077515e+02,
       3.66231308e+01, 2.54455658e+02, 4.12986717e+01, 2.45508438e+02,
       4.42080460e+01, 2.26969543e+02, 4.92241516e+01, 2.96754578e+02,
       3.33192024e+01, 2.78449554e+02, 3.00471001e+01, 2.63987518e+02,
       3.53242035e+01, 2.49757187e+02, 4.04889603e+01, 2.35435532e+02,
       4.58749275e+01, 2.92495239e+02, 2.48452702e+01, 2.78431366e+02,
       2.96296597e+01, 2.63937286e+02, 3.50457840e+01, 2.49791046e+02,
       4.03220596e+01, 2.35439560e+02, 4.56042480e+01, 2.88437531e+02,
       1.48267536e+01, 2.73366791e+02, 2.02763367e+01, 2.59386017e+02,
       2.59247570e+01, 2.44370926e+02, 3.11818562e+01, 2.30343491e+02,
       3.62063713e+01, 1.73212204e+02, 3.83672066e+01, 1.59593216e+02,
       4.59868317e+01, 1.46397888e+02, 5.34565659e+01, 1.33036835e+02,
       6.11627808e+01, 1.19504196e+02, 6.87589722e+01, 1.65098740e+02,
       2.47488232e+01, 1.51598190e+02, 3.24825478e+01, 1.38285355e+02,
       3.99272003e+01, 1.24766518e+02, 4.75307465e+01, 1.11330078e+02,
       5.53209534e+01, 1.56782593e+02, 1.13642836e+01, 1.43403885e+02,
       1.87668362e+01, 1.29981232e+02, 2.62593307e+01, 1.16527542e+02,
       3.39179153e+01, 1.02853264e+02, 4.16584320e+01, 2.64559479e+02,
       2.89684357e+02, 2.71853302e+02, 2.73239746e+02, 2.78358643e+02,
       2.56727936e+02, 2.84787598e+02, 2.40467239e+02, 2.91158844e+02,
       2.24572876e+02, 2.77539124e+02, 2.97578369e+02, 2.82992554e+02,
       2.80510986e+02, 2.89268829e+02, 2.64349152e+02, 2.96230743e+02,
       2.48433304e+02, 3.02647003e+02, 2.32870163e+02, 2.88438568e+02,
