%YAML:1.0
calibration_time: "Wed 12 Dec 2012 08:38:46 PM EET"
image_width: 640
image_height: 480
board_width: 8
board_height: 6
square_size: 2.5000000372529030e-02
flags: 0
camera_matrix: !!opencv-matrix
   rows: 3
   cols: 3
   dt: d
   data: [ 6.5065662436826324e+02, 0., 3.4356450316022932e+02, 0.,
       6.3740897731324560e+02, 1.9437443437986755e+02, 0., 0., 1. ]
distortion_coefficients: !!opencv-matrix
   rows: 5
   cols: 1
   dt: d
   data: [ -4.7845660416574766e-02, 1.3863126453409553e+00,
       -3.2817597463156325e-03, 7.3920602893622761e-03,
       -4.6517736876876521e+00 ]
avg_reprojection_error: 1.6860641366278897e+00
image_points: !!opencv-matrix
   rows: 10
   cols: 48
   dt: "2f"
   data: [ 1.89162613e+02, 1.32792038e+02, 2.27212906e+02,
       1.28226288e+02, 2.66464142e+02, 1.24515022e+02, 3.05827423e+02,
       1.20951790e+02, 3.45623505e+02, 1.17426743e+02, 3.86153564e+02,
       1.14055130e+02, 4.26707306e+02, 1.10495956e+02, 4.67685333e+02,
       1.06709518e+02, 1.87300323e+02, 1.67160767e+02, 2.26972260e+02,
       1.63601959e+02, 2.67356567e+02, 1.60860901e+02, 3.07587616e+02,
       1.57614410e+02, 3.47913605e+02, 1.54539734e+02, 3.89012726e+02,
       1.51327072e+02, 4.30261169e+02, 1.48159256e+02, 4.71906952e+02,
       1.44572845e+02, 1.86531982e+02, 2.04766907e+02, 2.27574646e+02,
       2.01865112e+02, 2.68847778e+02, 1.99202194e+02, 3.09655304e+02,
       1.96410599e+02, 3.50392395e+02, 1.93616562e+02, 3.91992188e+02,
       1.90625305e+02, 4.33576569e+02, 1.87601318e+02, 4.75837402e+02,
       1.84548965e+02, 1.88612442e+02, 2.45176865e+02, 2.29497940e+02,
       2.42391327e+02, 2.70825378e+02, 2.39546173e+02, 3.11837280e+02,
       2.36824753e+02, 3.53180054e+02, 2.33834488e+02, 3.94820190e+02,
       2.31005127e+02, 4.37010437e+02, 2.28360626e+02, 4.79509369e+02,
       2.25365723e+02, 1.92844193e+02, 2.85049286e+02, 2.33023361e+02,
       2.82642578e+02, 2.73662842e+02, 2.80139282e+02, 3.14656982e+02,
       2.77506989e+02, 3.55606323e+02, 2.74634033e+02, 3.97769104e+02,
       2.71955048e+02, 4.39895172e+02, 2.69487610e+02, 4.82724915e+02,
       2.66730103e+02, 1.96420380e+02, 3.24680054e+02, 2.36206467e+02,
       3.22530334e+02, 2.76758331e+02, 3.20439331e+02, 3.17569672e+02,
       3.17881104e+02, 3.58504883e+02, 3.15450989e+02, 4.00507050e+02,
       3.13273163e+02, 4.42800079e+02, 3.11188934e+02, 4.85545807e+02,
       3.08596832e+02, 1.99946594e+02, 1.17204437e+02, 2.37332016e+02,
       1.14450630e+02, 2.75878113e+02, 1.12581139e+02, 3.14837646e+02,
       1.10773369e+02, 3.54501099e+02, 1.09304878e+02, 3.95099884e+02,
       1.07684082e+02, 4.36234619e+02, 1.05818176e+02, 4.77839478e+02,
       1.04481438e+02, 1.95112701e+02, 1.49900375e+02, 2.34102066e+02,
       1.48546768e+02, 2.73900513e+02, 1.47657532e+02, 3.13853577e+02,
       1.46515808e+02, 3.54119080e+02, 1.45367493e+02, 3.95418762e+02,
       1.44425217e+02, 4.37239655e+02, 1.42902344e+02, 4.79719360e+02,
       1.41401001e+02, 1.91237640e+02, 1.86352493e+02, 2.31467270e+02,
       1.85513596e+02, 2.72343689e+02, 1.85247574e+02, 3.12977753e+02,
       1.84682281e+02, 3.53831818e+02, 1.83664688e+02, 3.95667603e+02,
       1.83233810e+02, 4.38102081e+02, 1.82018295e+02, 4.81379364e+02,
       1.80973358e+02, 1.89682098e+02, 2.26190994e+02, 2.30132233e+02,
       2.25398727e+02, 2.71173615e+02, 2.25150970e+02, 3.12310577e+02,
       2.24438690e+02, 3.53619110e+02, 2.23753006e+02, 3.96029236e+02,
       2.23382523e+02, 4.38958923e+02, 2.22802094e+02, 4.82758575e+02,
       2.22072433e+02, 1.90308411e+02, 2.66591522e+02, 2.30147156e+02,
       2.66213898e+02, 2.70815643e+02, 2.65730347e+02, 3.12237793e+02,
       2.65417419e+02, 3.53670288e+02, 2.65242340e+02, 3.96524750e+02,
       2.65085571e+02, 4.39641205e+02, 2.64740112e+02, 4.83994537e+02,
       2.64532166e+02, 1.90250473e+02, 3.07294647e+02, 2.30034103e+02,
       3.07155334e+02, 2.70810028e+02, 3.07295044e+02, 3.12309692e+02,
       3.07092255e+02, 3.53955109e+02, 3.07067810e+02, 3.96894257e+02,
       3.07192596e+02, 4.40506287e+02, 3.07627594e+02, 4.85002747e+02,
       3.07830780e+02, 1.99256317e+02, 1.12204308e+02, 2.39278870e+02,
       1.11385971e+02, 2.79945343e+02, 1.11280823e+02, 3.20455475e+02,
       1.11240593e+02, 3.60502655e+02, 1.11124763e+02, 4.00807983e+02,
       1.11271431e+02, 4.40475586e+02, 1.11360291e+02, 4.79611786e+02,
       1.11738388e+02, 1.99187836e+02, 1.51645340e+02, 2.39483948e+02,
       1.51378647e+02, 2.80356567e+02, 1.51403000e+02, 3.20595856e+02,
       1.51194351e+02, 3.60662445e+02, 1.50888657e+02, 4.01161469e+02,
       1.50525787e+02, 4.41246338e+02, 1.50314728e+02, 4.81188324e+02,
       1.50088730e+02, 1.99266815e+02, 1.91844620e+02, 2.39612717e+02,
       1.91522720e+02, 2.80516632e+02, 1.91499420e+02, 3.20680023e+02,
       1.91278595e+02, 3.60798096e+02, 1.90895737e+02, 4.01363342e+02,
       1.90511139e+02, 4.41513306e+02, 1.90269348e+02, 4.81800873e+02,
       1.89856293e+02, 1.99392578e+02, 2.32231949e+02, 2.39755951e+02,
       2.31741287e+02, 2.80566040e+02, 2.31533051e+02, 3.20817932e+02,
       2.31264786e+02, 3.61073303e+02, 2.30870392e+02, 4.01566589e+02,
       2.30371872e+02, 4.41929047e+02, 2.30126923e+02, 4.82420502e+02,
       2.29819550e+02, 1.99556595e+02, 2.72168945e+02, 2.39925354e+02,
       2.71666138e+02, 2.80589355e+02, 2.71495972e+02, 3.21116516e+02,
       2.71099915e+02, 3.61275787e+02, 2.70583160e+02, 4.01870453e+02,
       2.70335327e+02, 4.42362000e+02, 2.70088074e+02, 4.83036743e+02,
       2.69935913e+02, 1.99451843e+02, 3.12716217e+02, 2.39682739e+02,
       3.12114471e+02, 2.80601837e+02, 3.11746796e+02, 3.21211578e+02,
       3.11447571e+02, 3.61507050e+02, 3.11027344e+02, 4.02404724e+02,
       3.10631165e+02, 4.43050354e+02, 3.10443756e+02, 4.83382111e+02,
       3.10145050e+02, 9.88274002e+01, 9.49077148e+01, 1.48462570e+02,
       9.42891846e+01, 1.98989822e+02, 9.43917542e+01, 2.49583572e+02,
       9.46843338e+01, 2.99949280e+02, 9.50768204e+01, 3.50766327e+02,
       9.53188095e+01, 4.01257568e+02, 9.55086365e+01, 4.51706696e+02,
       9.54675827e+01, 9.73053055e+01, 1.43929749e+02, 1.47154251e+02,
       1.43446198e+02, 1.98326965e+02, 1.43966431e+02, 2.49265152e+02,
       1.44356781e+02, 2.99552124e+02, 1.44698898e+02, 3.50504120e+02,
       1.44829559e+02, 4.01106140e+02, 1.44857330e+02, 4.51999329e+02,
       1.44741837e+02, 9.53099823e+01, 1.93849304e+02, 1.45904556e+02,
       1.93782242e+02, 1.97504318e+02, 1.94384003e+02, 2.48533691e+02,
       1.94456940e+02, 2.99018890e+02, 1.94596634e+02, 3.50133179e+02,
       1.94753464e+02, 4.00811127e+02, 1.94704483e+02, 4.51986328e+02,
       1.94688110e+02, 9.41592484e+01, 2.44510101e+02, 1.44896637e+02,
       2.44452362e+02, 1.96547852e+02, 2.44564468e+02, 2.47658508e+02,
       2.44568939e+02, 2.98521637e+02, 2.44710327e+02, 3.49714020e+02,
       2.44925598e+02, 4.00705811e+02, 2.45288025e+02, 4.51998901e+02,
       2.45427353e+02, 9.33395691e+01, 2.94859406e+02, 1.43975540e+02,
       2.95232758e+02, 1.95513062e+02, 2.95386688e+02, 2.46864807e+02,
       2.95354675e+02, 2.97911133e+02, 2.95364288e+02, 3.49471954e+02,
       2.95516052e+02, 4.00674286e+02, 2.95679138e+02, 4.52374146e+02,
       2.96145813e+02, 9.15538254e+01, 3.46266998e+02, 1.41859955e+02,
       3.46697449e+02, 1.93795502e+02, 3.47017212e+02, 2.45627365e+02,
       3.46924042e+02, 2.97305359e+02, 3.46919128e+02, 3.49187347e+02,
       3.47069824e+02, 4.00919434e+02, 3.47452667e+02, 4.52857941e+02,
       3.48263916e+02, 3.61922699e+02, 1.87334579e+02, 3.50134216e+02,
       2.20524963e+02, 3.39936981e+02, 2.57119141e+02, 3.31038483e+02,
       2.95306366e+02, 3.22561859e+02, 3.34903076e+02, 3.14381836e+02,
       3.76501007e+02, 3.07549072e+02, 4.19944489e+02, 2.99827911e+02,
       4.63749939e+02, 3.33993744e+02, 1.87734756e+02, 3.24176849e+02,
       2.21902679e+02, 3.15614380e+02, 2.56999512e+02, 3.07320129e+02,
